00000010
01111110
11001011
10100000
00011010
11000000
11010100
00101101
00111011
00100010
00000110
01010001
00101010
00011110
01001111
11011011
10110100
00000010
10100011
00110000
01111010
10100011
11010100
01001100
01000011
11100000
01111011
01111000
11100010
01101101
10011011
11100101
11101011
01100110
10000101
00000110
00100110
01011001
00110011
01100001
01111011
00111001
10110010
10100101
01011000
00000001
10000000
00001100
00000011
00100011
00111100
01111101
11000111
00010001
11001010
00001010
11110001
01000101
10000010
11010100
10110010
00011110
10111001
10011101
10000100
00111110
10100011
10101011
10010111
11010110
00001100
00010010
00010000
10111111
10110111
01101000
11000000
00111000
01110100
11000100
01011011
10110001
01000001
00100010
11000010
00001011
00101100
10110011
01010000
10101111
10000111
00000010
11001101
01000000
10100000
01010001
01111110
01000011
11111100
00010101
00011010
00001001
00100111
00101010
11001000
11011111
10010010
10001000
00010111
00000110
01001100
01110010
10110111
10001110
10010101
01111001
10011001
11000001
00101101
11101010
01110000
10110100
11101100
00111101
11110101
10001100
10001111
01110011
11010000
10001011
10001001
11101010
10010100
10110000
00010100
01011100
10001111
10100110
11100101
10100110
10101100
00110001
00011001
01100100
10111111
10101110
11011101
01011001
01101111
00001010
01000011
11100000
10111111
00101111
00011101
10110100
10111100
10101100
00100111
10001100
00111000
10110000
01110110
11001100
01100001
10001010
00101001
11110000
00110000
00001110
10010111
11011100
00111111
10110000
01000000
11111111
01011110
00011110
01011000
11001101
00101000
10011011
10101101
11100111
11001010
11001011
10011011
10000110
01110111
11000011
00010010
10101111
01110011
10001000
01111100
11010100
00010010
10100101
11000101
01000010
10110011
01011100
00011111
11110010
00001100
01011111
11110001
01101010
01111101
01001001
00110111
10100110
11100100
11100101
10001101
10101111
10110000
00101001
00110101
00100111
11101100
01001000
11010111
01011111
11010000
01010011
00110100
11100011
11111000
11111001
00100101
10101011
01010101
01000100
10011101
01100001
10100100
10001111
11001011
00100001
11011000
00000010
11000111
10111101
11100111
01010101
01101100
10010111
01111110
10100001
10111111
01101010
11101001
10010110
11001001
10111010
11101001
11111101
10011101
11100001
11110110
11000010
10001100
01001011
00000111
00101001
10101100
10101011
10111000
01110111
11001100
10010001
01111010
10010100
01001110
01100001
11101001
10111010
11111001
01100111
01011011
10111000
11010001
01000101
01001110
10011010
11111111
00110111
10011000
10011100
00011000
10001110
01011110
10100100
11011010
01100101
11001101
10000110
00010000
10000110
11111110
11011101
00010111
01111000
01110001
01100101
11011001
01011010
00011111
11010010
11000001
01111010
10001010
10010010
10111111
11011000
00101100
10111110
00001111
11000100
01011010
00100111
01010011
10111001
11001011
00101101
00011110
10011001
10110011
00101111
00011111
10110001
00001100
00110110
00101001
01111101
10011011
00000011
11010111
10111010
11010101
10011000
00110100
01100000
00101010
11110100
00111000
01010110
10110010
01001000
00011011
00001101
01101111
01101110
11000110
00111011
10011011
11100100
11010100
01001110
00010011
11110011
00000000
00011111
00101001
00101001
10011100
11000100
00101100
01110011
01111110
00000010
00001011
10110010
01100010
00110101
10100110
10011010
10001100
01011001
11100010
10100111
01100110
01010010
00010101
00101100
10001101
10110000
00010000
01100001
11111110
00100100
01010100
11111110
01000011
01111101
00101000
11100000
01000001
01010100
01010011
10111111
01010110
01011111
01110001
10111000
10010100
00011000
01010011
00100000
01110001
00110101
11000111
11010111
10000111
11011100
00000011
00010100
10001100
00010011
01110101
10001011
00110111
11001001
10001001
01111011
01000110
10110001
01011011
10000111
00000110
10101110
01000110
01011100
00001101
10111000
00010101
10100010
11010000
01101000
11000010
01000001
10011101
10001010
00011000
00100101
01100110
00011011
00111001
11110011
00101110
10101111
01111110
01100110
01111000
00000111
11100001
10111111
10111001
00111100
01000110
10111111
11101010
10001101
00011011
11111000
01000101
00110000
10011010
00010101
10011000
01011100
01010110
00110110
11100110
01101110
01011011
01001101
10001001
10010100
01000000
10110111
01000011
10111110
00011101
10111100
11000101
11111110
01111011
01111110
00111010
11000001
00111101
00100101
01001110
01011001
00011101
10010011
10001001
10110111
10101000
00100010
00010011
11111110
01011000
11111010
01101100
10110011
01000111
11110101
01000111
10000111
10101101
10001011
01000101
11001010
01000111
00001010
11001001
11000010
10001001
00000011
10000011
11000110
00101000
11010010
00011111
01000101
01100101
10101001
11111100
00001110
11001011
00010000
00001100
00100011
00001010
01111001
11010110
01010001
01101110
00011101
11011000
00011011
10101000
00011101
11100110
11101111
00100111
10101111
10110001
10110000
10110010
00110101
01110111
11011011
00000111
10010110
00100000
01101100
00111111
00011101
01111010
00001010
00101101
10000111
00101101
00110111
00000000
00000011
10001000
01101110
00100001
01100000
10001010
11001001
01111101
01110000
10111001
10100100
00011111
01101010
01010101
11010001
10011111
11001100
10101100
10100110
01100010
11001101
00010011
10100010
11101010
10001101
10101100
00010111
00010100
11011010
01001110
00010100
11011101
11010110
10000011
11111110
00110110
00001101
11001000
10110011
01111101
10000001
01010111
10011100
11101011
10101100
01101101
10001011
01111000
00011010
00110001
11011011
11100111
01000100
01111101
11010001
11010010
00101001
11101000
11100110
00000011
00110110
11111011
11100001
00001100
01111110
11011111
01000010
10001011
10100111
11110101
00001000
00101000
01001100
10100100
00010100
11111001
00010001
10011111
01110001
00101011
11010000
01001100
00010010
00010101
11001001
11100011
11100111
11110011
11001011
11001101
11110110
00000001
11001000
11010111
00001101
01000110
10110111
01001111
11010001
01011110
01000100
11011001
10000111
10010001
01111101
10011011
10001010
10001111
00111010
11111011
10111010
00001010
01001000
11001101
00011111
00010001
10110000
00000110
00000100
01111100
11010100
11111011
01111101
10011100
11010010
10001011
11100011
10001001
11011010
10110100
11101000
00011111
10001110
01101111
10110000
00001011
00001010
00111010
10011010
01000100
00110101
01010101
01001110
01111101
00100010
01101110
10001111
11010010
01110100
10010011
01001110
01001000
10001110
11001100
11100101
01100001
01010111
11001000
11101010
00110001
01111100
11010010
01010000
00001010
01000001
00000000
00010110
01001011
00111010
10110000
10001111
01110000
00000101
11011110
11101101
00100111
01001100
01111100
11111010
11000000
00010000
01001000
00001001
10011110
00010100
11101110
11111111
01101011
10110110
11101010
10011101
00110010
10111100
11101101
00111101
11111110
11101110
01010011
01001001
00101000
00000011
11011001
10011000
00001001
10110111
10000110
00110000
00000011
00000010
00101010
11000011
00010010
01110011
11001100
10110001
10000111
10111010
10110000
11110011
01110000
10011010
10010000
10100011
01010111
01111101
11100000
01010101
01101011
00110011
10011110
10010100
00110110
01110111
00101100
00111111
00101110
10110010
01110000
00110001
10110101
10011010
11110101
11000111
00001101
11000001
01111000
10010101
01111100
00101001
10001000
11101100
11000011
00011000
10001111
00011010
10010101
01101111
01101111
00000001
10100010
00001110
10010101
11011001
10000101
11000001
00011000
10110100
01110100
10001000
11100101
00101001
00100011
11011010
11110000
00110000
10011100
01101001
11000101
00011000
10010010
01001101
00000100
01010101
01100101
10010100
01110000
11111011
00000011
11011111
11111100
10100110
11101101
10010001
01111111
01110011
01010010
10010111
00100111
11000110
00100000
00001100
11101111
01000011
11100111
11100000
01110011
10000011
01001001
00111001
10011011
11011011
10000110
10011111
00110000
11101100
00110011
10100000
11100111
00110111
10000000
11100011
11011101
01101101
01110100
01011100
11100000
11000110
11110011
00000111
10001101
00010011
00010100
01111100
01010110
11111011
01011100
11001010
01111110
10100101
00000011
00011001
10000000
10001001
10111000
10110001
01110101
11101100
01010001
01011100
00100011
11010001
00111111
00000000
00111111
10110011
01011100
00011111
01111010
01001111
00100111
00000111
01100011
00111011
10000011
10111001
00110110
11100000
10000011
10110100
10000101
10000110
11001101
00000110
00010000
10000101
10110111
10000101
01110001
00001000
11100010
10010100
11011010
00100001
10010100
00011001
11010101
11110000
00111000
01001111
01000000
01011111
01010110
10100011
10011010
11011001
01011100
11010000
10111001
11100000
10000100
00111111
01100110
01010001
01000101
01110110
11010111
11111100
11111100
01001000
00000100
11011110
11011101
11011110
11111111
01110001
11110111
11010100
01100010
00110000
00100011
10100010
10001111
01111001
01000101
00101010
01010011
10100001
11111010
00001100
10000001
01111111
01001011
11101000
11010000
10010000
01011110
10100111
10001100
01011010
11110000
10010001
00111000
11001101
01101111
00111000
00111110
01100111
00001100
10100000
10010111
00110000
01000010
00100110
10101001
10000111
