01111110
10100000
00011010
11000000
10100000
00011010
11000000
10100000
00011010
11000000
10100000
00011010
11000000
10100000
00011010
11000000
10100000
00011010
11000000
10100000
00011010
11000000
10100000
00011010
11000000
10100000
00011010
11000000
10100000
00011010
11000000
00101101
00100010
00000110
01010001
00100010
00000110
01010001
00100010
00000110
01010001
00100010
00000110
01010001
00100010
00000110
01010001
00100010
00000110
01010001
00100010
00000110
01010001
00100010
00000110
01010001
00100010
00000110
01010001
00100010
00000110
01010001
00011110
11011011
10110100
00000010
11011011
10110100
00000010
11011011
10110100
00000010
11011011
10110100
00000010
11011011
10110100
00000010
11011011
10110100
00000010
11011011
10110100
00000010
11011011
10110100
00000010
11011011
10110100
00000010
11011011
10110100
00000010
00110000
01111010
10100011
00110000
01111010
10100011
00110000
01111010
10100011
00110000
01111010
10100011
00110000
01111010
10100011
00110000
01111010
10100011
00110000
01111010
10100011
00110000
01111010
10100011
00110000
01111010
10100011
00110000
01111010
10100011
01001100
11100000
01111011
01111000
11100000
01111011
01111000
11100000
01111011
01111000
11100000
01111011
01111000
11100000
01111011
01111000
11100000
01111011
01111000
11100000
01111011
01111000
11100000
01111011
01111000
11100000
01111011
01111000
11100000
01111011
01111000
01101101
11100101
11101011
01100110
11100101
11101011
01100110
11100101
11101011
01100110
11100101
11101011
01100110
11100101
11101011
01100110
11100101
11101011
01100110
11100101
11101011
01100110
11100101
11101011
01100110
11100101
11101011
01100110
11100101
11101011
01100110
00000110
00100110
01011001
00000110
00100110
01011001
00000110
00100110
01011001
00000110
00100110
01011001
00000110
00100110
01011001
00000110
00100110
01011001
00000110
00100110
01011001
00000110
00100110
01011001
00000110
00100110
01011001
00000110
00100110
01011001
01100001
01111011
00111001
01100001
01111011
00111001
01100001
01111011
00111001
01100001
01111011
00111001
01100001
01111011
00111001
01100001
01111011
00111001
01100001
01111011
00111001
01100001
01111011
00111001
01100001
01111011
00111001
01100001
01111011
00111001
10100101
00000001
00001100
00100011
00111100
01111101
00100011
00111100
01111101
00100011
00111100
01111101
00100011
00111100
01111101
00100011
00111100
01111101
00100011
00111100
01111101
00100011
00111100
01111101
00100011
00111100
01111101
00100011
00111100
01111101
00100011
00111100
01111101
00010001
11001010
00001010
00010001
11001010
00001010
00010001
11001010
00001010
00010001
11001010
00001010
00010001
11001010
00001010
00010001
11001010
00001010
00010001
11001010
00001010
00010001
11001010
00001010
00010001
11001010
00001010
00010001
11001010
00001010
01000101
10000010
11010100
01000101
10000010
11010100
01000101
10000010
11010100
01000101
10000010
11010100
01000101
10000010
11010100
01000101
10000010
11010100
01000101
10000010
11010100
01000101
10000010
11010100
01000101
10000010
11010100
01000101
10000010
11010100
00011110
10011101
10000100
00111110
10011101
10000100
00111110
10011101
10000100
00111110
10011101
10000100
00111110
10011101
10000100
00111110
10011101
10000100
00111110
10011101
10000100
00111110
10011101
10000100
00111110
10011101
10000100
00111110
10011101
10000100
00111110
10101011
10010111
11010110
10101011
10010111
11010110
10101011
10010111
11010110
10101011
10010111
11010110
10101011
10010111
11010110
10101011
10010111
11010110
10101011
10010111
11010110
10101011
10010111
11010110
10101011
10010111
11010110
10101011
10010111
11010110
00010010
10111111
01101000
11000000
00111000
01101000
11000000
00111000
01101000
11000000
00111000
01101000
11000000
00111000
01101000
11000000
00111000
01101000
11000000
00111000
01101000
11000000
00111000
01101000
11000000
00111000
01101000
11000000
00111000
01101000
11000000
00111000
11000100
10110001
01000001
00100010
10110001
01000001
00100010
10110001
01000001
00100010
10110001
01000001
00100010
10110001
01000001
00100010
10110001
01000001
00100010
10110001
01000001
00100010
10110001
01000001
00100010
10110001
01000001
00100010
10110001
01000001
00100010
00001011
10110011
10101111
00000010
11001101
01000000
00000010
11001101
01000000
00000010
11001101
01000000
00000010
11001101
01000000
00000010
11001101
01000000
00000010
11001101
01000000
00000010
11001101
01000000
00000010
11001101
01000000
00000010
11001101
01000000
00000010
11001101
01000000
01010001
01000011
00010101
00001001
00101010
11001000
11011111
00101010
11001000
11011111
00101010
11001000
11011111
00101010
11001000
11011111
00101010
11001000
11011111
00101010
11001000
11011111
00101010
11001000
11011111
00101010
11001000
11011111
00101010
11001000
11011111
00101010
11001000
11011111
10001000
00000110
01001100
01110010
00000110
01001100
01110010
00000110
01001100
01110010
00000110
01001100
01110010
00000110
01001100
01110010
00000110
01001100
01110010
00000110
01001100
01110010
00000110
01001100
01110010
00000110
01001100
01110010
00000110
01001100
01110010
10001110
10010101
01111001
10001110
10010101
01111001
10001110
10010101
01111001
10001110
10010101
01111001
10001110
10010101
01111001
10001110
10010101
01111001
10001110
10010101
01111001
10001110
10010101
01111001
10001110
10010101
01111001
10001110
10010101
01111001
11000001
00101101
11101010
11000001
00101101
11101010
11000001
00101101
11101010
11000001
00101101
11101010
11000001
00101101
11101010
11000001
00101101
11101010
11000001
00101101
11101010
11000001
00101101
11101010
11000001
00101101
11101010
11000001
00101101
11101010
10110100
00111101
10001100
10001111
01110011
10001100
10001111
01110011
10001100
10001111
01110011
10001100
10001111
01110011
10001100
10001111
01110011
10001100
10001111
01110011
10001100
10001111
01110011
10001100
10001111
01110011
10001100
10001111
01110011
10001100
10001111
01110011
10001011
11101010
10010100
10110000
11101010
10010100
10110000
11101010
10010100
10110000
11101010
10010100
10110000
11101010
10010100
10110000
11101010
10010100
10110000
11101010
10010100
10110000
11101010
10010100
10110000
11101010
10010100
10110000
11101010
10010100
10110000
01011100
10100110
11100101
10100110
10100110
11100101
10100110
10100110
11100101
10100110
10100110
11100101
10100110
10100110
11100101
10100110
10100110
11100101
10100110
10100110
11100101
10100110
10100110
11100101
10100110
10100110
11100101
10100110
10100110
11100101
10100110
00110001
01100100
10111111
10101110
01100100
10111111
10101110
01100100
10111111
10101110
01100100
10111111
10101110
01100100
10111111
10101110
01100100
10111111
10101110
01100100
10111111
10101110
01100100
10111111
10101110
01100100
10111111
10101110
01100100
10111111
10101110
01011001
01101111
00001010
01011001
01101111
00001010
01011001
01101111
00001010
01011001
01101111
00001010
01011001
01101111
00001010
01011001
01101111
00001010
01011001
01101111
00001010
01011001
01101111
00001010
01011001
01101111
00001010
01011001
01101111
00001010
11100000
10111111
00101111
11100000
10111111
00101111
11100000
10111111
00101111
11100000
10111111
00101111
11100000
10111111
00101111
11100000
10111111
00101111
11100000
10111111
00101111
11100000
10111111
00101111
11100000
10111111
00101111
11100000
10111111
00101111
10110100
10111100
10101100
10110100
10111100
10101100
10110100
10111100
10101100
10110100
10111100
10101100
10110100
10111100
10101100
10110100
10111100
10101100
10110100
10111100
10101100
10110100
10111100
10101100
10110100
10111100
10101100
10110100
10111100
10101100
10001100
00111000
10110000
10001100
00111000
10110000
10001100
00111000
10110000
10001100
00111000
10110000
10001100
00111000
10110000
10001100
00111000
10110000
10001100
00111000
10110000
10001100
00111000
10110000
10001100
00111000
10110000
10001100
00111000
10110000
11001100
10001010
00101001
11110000
10001010
00101001
11110000
10001010
00101001
11110000
10001010
00101001
11110000
10001010
00101001
11110000
10001010
00101001
11110000
10001010
00101001
11110000
10001010
00101001
11110000
10001010
00101001
11110000
10001010
00101001
11110000
00001110
11011100
00111111
10110000
11011100
00111111
10110000
11011100
00111111
10110000
11011100
00111111
10110000
11011100
00111111
10110000
11011100
00111111
10110000
11011100
00111111
10110000
11011100
00111111
10110000
11011100
00111111
10110000
11011100
00111111
10110000
11111111
00011110
11001101
10011011
11100111
11001010
11001011
11100111
11001010
11001011
11100111
11001010
11001011
11100111
11001010
11001011
11100111
11001010
11001011
11100111
11001010
11001011
11100111
11001010
11001011
11100111
11001010
11001011
11100111
11001010
11001011
11100111
11001010
11001011
10000110
01110111
11000011
10000110
01110111
11000011
10000110
01110111
11000011
10000110
01110111
11000011
10000110
01110111
11000011
10000110
01110111
11000011
10000110
01110111
11000011
10000110
01110111
11000011
10000110
01110111
11000011
10000110
01110111
11000011
10101111
10001000
01111100
11010100
10001000
01111100
11010100
10001000
01111100
11010100
10001000
01111100
11010100
10001000
01111100
11010100
10001000
01111100
11010100
10001000
01111100
11010100
10001000
01111100
11010100
10001000
01111100
11010100
10001000
01111100
11010100
10100101
01000010
10110011
01011100
